1: 0.212531 0.199711 0.264588 0.0
2: -0.092277 0.216289 1.380163 0.877000
3: -0.092280 0.216289 3.405648 0.855010
4: 0.139597 0.717874 0.243729 0.854010
5: 0.204534 0.765255 0.008157 0.916009
6: -0.014351 0.565890 0.083803 0.897009
7: 0.037775 0.749875 0.074464 0.653012
8: -0.080249 0.683595 0.133499 0.202017
9: -0.080249 0.206320 2.037353 0.006017
10: -0.080249 0.206320 2.037353 -0.230983
11: -0.138082 2.999428 4.191650 -0.223985
12: -0.131753 0.964317 1.332908 -0.223985
13: 0.167430 0.758193 0.203508 -0.223985
14: -0.138082 -5.804441 2.92680 -0.223985
15: -0.138085 -4.656982 2.585297 0.258016
16: -0.138085 -4.656982 2.585297 0.705010
17: 0.043226 -0.144208 0.659726 1.008006
18: 0.0 0.0 3.073760 1.0
