1: 0.0 0.0 3.073760 0.0
2: 0.000000 0.000000 1.490747 0.701995
3: -0.140842 0.132290 0.458145 2.890973
4: -0.146809 0.267489 0.007985 2.983966
5: -0.128939 0.238179 0.000627 3.391937
6: -0.124087 0.229342 0.000826 3.533926
7: -0.120346 0.222648 0.000705 3.645918
8: -0.121589 0.237669 0.011258 3.729913
9: -0.306037 0.099232 0.015234 4.198879
10: -0.249098 0.003728 0.168034 4.198883
11: -0.060691 -0.099399 0.068604 5.318802
13: 0.081763 -0.066948 0.009094 5.318802
14: 0.081553 -0.055007 0.001062 5.318802
15: 0.080614 -0.055008 0.000170 5.318802
16: 0.080557 -0.054867 0.000082 5.318802
17: 0.080574 -0.054845 0.000010 5.318802
